800 1000 100 50 25 25000
395 43 296 955 244 3620
734 467 300 833 21919 23595
473 815 21 810 24428 24959
210 150 387 12 12646 13491
314 563 141 419 2744 3381
237 432 151 805 16506 17940
264 491 445 767 14518 16078
219 215 154 449 2806 3698
508 681 180 701 2744 3179
460 585 320 715 23246 23518
732 600 101 985 15613 19024
790 935 686 121 12617 14630
761 85 111 567 18517 21011
126 185 470 739 4056 5036
31 325 197 802 11368 12202
190 614 588 972 5453 7904
493 783 48 358 16842 18899
648 494 602 487 20154 20301
108 973 280 646 6209 7780
81 766 536 544 7102 7835
547 716 490 315 17725 18263
498 128 223 589 8084 9741
593 508 380 466 13853 14535
368 900 100 744 13935 15080
219 277 244 256 3766 3905
292 766 393 28 15583 17315
621 39 399 117 12206 13006
62 406 534 169 12669 14289
550 693 454 379 10197 11611
650 286 462 484 9773 10980
275 87 499 257 20394 21549
637 404 390 535 18038 18766
358 834 26 616 9309 9864
434 885 25 81 406 2463
582 461 523 322 1222 1479
277 50 126 571 17390 18095
623 425 588 906 288 1239
265 761 98 375 21876 22583
636 557 796 628 6689 7339
557 123 345 598 8835 10642
456 621 283 914 10505 11177
673 589 663 974 1456 2487
765 854 558 344 15115 16592
400 309 6 829 19651 20630
427 128 295 372 7285 7802
111 316 88 590 17142 17676
673 871 682 822 22175 22290
649 946 515 598 21159 21894
641 663 50 392 14356 16679
614 915 467 258 22780 23941